00886910227627
00886910228938
00886910227689
00886910227688
00886910227680
00886910227687
00886910228689
00886910227519
00886910227518
00886910226671
00886910226670
00886910226676
00886910226772
00886910226773
00886910227513
00886910226776
00886910226777
00886910227450
00886910227456
00886910227330
00886910226910
00886910227332
00886910226917
00886910227336
00886910226694
00886910226697
00886910226919
00886910226692
00886910228299
00886910226592
00886910226591
00886910227635
00886910227633
00886910227205
00886910227204
00886910227207
00886910226605
00886910227201
00886910227200
00886910228748
00886910227202
00886910228854
00886910228836
00886910227208
00886910226608
00886910227142
00886910227018
00886910228916
00886910227141
00886910227146
00886910227147
00886910226828
00886910227145
00886910226826
00886910227027
00886910227149
00886910226823
00886910226820
00886910228857
00886910228183
00886910227719
00886910228181
00886910228269
00886910228903
00886910228186
00886910228260
00886910228261
00886910227489
00886910227708
00886910227159
00886910226859
00886910226509
00886910226508
00886910228614
00886910226852
00886910226850
00886910226857
00886910226500
00886910226503
00886910227718
00886910228000
00886910228169
00886910228168
00886910228009
00886910227922
00886910227568
00886910226779
00886910228867
00886910228869
00886910228981
00886910228563
00886910228985
00886910228984
00886910227661
00886910228808
00886910227822
00886910227486
00886910228850
00886910227928
00886910228467
00886910227510
00886910228506
00886910228502
00886910228500
00886910226862
00886910228241
00886910228716
00886910227515
00886910227063
00886910227514
00886910227966
00886910227967
00886910227960
00886910228489
00886910227807
00886910226866
00886910227805
00886910227804
00886910227968
00886910227802
00886910228480
00886910226867
00886910227414
00886910227417
00886910226864
00886910227412
00886910226865
00886910228668
00886910228838
00886910227917
00886910227341
00886910228204
00886910228902
00886910228760
00886910228767
00886910227342
00886910228212
00886910226798
00886910226799
00886910226869
00886910227428
00886910226792
00886910226794
00886910226797
00886910228182
00886910228209
00886910228472
00886910227815
00886910227249
00886910226649
00886910227241
00886910226643
00886910226640
00886910226641
00886910226727
00886910226721
00886910228666
00886910227483
00886910227569
00886910227480
00886910226729
00886910226728
00886910227484
00886910227348
00886910227349
00886910226860
00886910227422
00886910227065
00886910226948
00886910227067
00886910227066
00886910227068
00886910226868
00886910226946
00886910227345
00886910228630
00886910228744
00886910227717
00886910227748
00886910226898
00886910228302
00886910226892
00886910226891
00886910227743
00886910228931
00886910228749
00886910226543
00886910226545
00886910227662
00886910226547
00886910227989
00886910226549
00886910226548
00886910226918
00886910227980
00886910227668
00886910228288
00886910228289
00886910228123
00886910228535
00886910228532
00886910228127
00886910228531
00886910227115
00886910227117
00886910228283
00886910228284
00886910227113
00886910227112
00886910228378
00886910228336
00886910227301
00886910227186
00886910228542
00886910227184
00886910227185
00886910227182
00886910227650
00886910228233
00886910227181
00886910228622
00886910227651
00886910228239
00886910228627
00886910228624
00886910227189
00886910228752
00886910228750
00886910228059
00886910228055
00886910228934
00886910228056
00886910228051
00886910228050
00886910228515
00886910227741
00886910227843
00886910227841
00886910227846
00886910227848
00886910228592
00886910227771
00886910228784
00886910227665
00886910228917
00886910228438
00886910227663
00886910228433
00886910228432
00886910226809
00886910228430
00886910228874
00886910227445
00886910228824
00886910227937
00886910227936
00886910227933
00886910227932
00886910227930
00886910227837
00886910227526
00886910228027
00886910227520
00886910227521
00886910227449
00886910226763
00886910226764
00886910227838
00886910226766
00886910228825
00886910228846
00886910227981
00886910228368
00886910226900
00886910226905
00886910226906
00886910228971
00886910228826
00886910228820
00886910227780
00886910226998
00886910226999
00886910226580
00886910226583
00886910227787
00886910227622
00886910226990
00886910228823
00886910226996
00886910226997
00886910226994
00886910226995
00886910227235
00886910226613
00886910227238
00886910228979
00886910226618
00886910227679
00886910227151
00886910227150
00886910227153
00886910228676
00886910228671
00886910227157
00886910228904
00886910227010
00886910227011
00886910227013
00886910226831
00886910226830
00886910226832
00886910227390
00886910228538
00886910228287
00886910228279
00886910227823
00886910226944
00886910228278
00886910228607
00886910228693
00886910228273
00886910228274
00886910228276
00886910226538
00886910226539
00886910228373
00886910228374
00886910227712
00886910227710
00886910226530
00886910227305
00886910227306
00886910228445
00886910226534
00886910226535
00886910227302
00886910226537
00886910228158
00886910228407
00886910228405
00886910228403
00886910228400
00886910228878
00886910228822
00886910228876
00886910228153
00886910228873
00886910228871
00886910227779
00886910228665
00886910228972
00886910226631
00886910227883
00886910228662
00886910228978
00886910228663
00886910228088
00886910227691
00886910227886
00886910228082
00886910228545
00886910228081
00886910228086
00886910228578
00886910228473
00886910227025
00886910228471
00886910227556
00886910228476
00886910227551
00886910228570
00886910228576
00886910227148
00886910228575
00886910227026
00886910228645
00886910228577
00886910228705
00886910228707
00886910226666
00886910228629
00886910227971
00886910226667
00886910228499
00886910228498
00886910227872
00886910227873
00886910227979
00886910228496
00886910228491
00886910227910
00886910228883
00886910228880
00886910228886
00886910226662
00886910227405
00886910228888
00886910227558
00886910228796
00886910228792
00886910227889
00886910228790
00886910226705
00886910228799
00886910227582
00886910226786
00886910226784
00886910226783
00886910227587
00886910226781
00886910227588
00886910228383
00886910226789
00886910228382
00886910227504
00886910228709
00886910227505
00886910226812
00886910227274
00886910227907
00886910227277
00886910228948
00886910226650
00886910227575
00886910227278
00886910226657
00886910226656
00886910226710
00886910226711
00886910228540
00886910226716
00886910226717
00886910226718
00886910228547
00886910228828
00886910226870
00886910227355
00886910226872
00886910226874
00886910227351
00886910227350
00886910227296
00886910228612
00886910226972
00886910228232
00886910227292
00886910227293
00886910227291
00886910227916
00886910227826
00886910227820
00886910228334
00886910227759
00886910228337
00886910226578
00886910226579
00886910228333
00886910226575
00886910226577
00886910227757
00886910226571
00886910226572
00886910227610
00886910227970
00886910227616
00886910227617
00886910227614
00886910227615
00886910227995
00886910227997
00886910227996
00886910227990
00886910227993
00886910227992
00886910228945
00886910227129
00886910228527
00886910228939
00886910228293
00886910228292
00886910228523
00886910228290
00886910228684
00886910228685
00886910228930
00886910227123
00886910227126
00886910227127
00886910228494
00886910228052
00886910228756
00886910228944
00886910228911
00886910228345
00886910227709
00886910228955
00886910226960
00886910228347
00886910228910
00886910227195
00886910228638
00886910228203
00886910227058
00886910228206
00886910227192
00886910227726
00886910227727
00886910228633
00886910227725
00886910227050
00886910228634
00886910227720
00886910227721
00886910228381
00886910228616
00886910228743
00886910228745
00886910227676
00886910228747
00886910228060
00886910228061
00886910228063
00886910228065
00886910228598
00886910228250
00886910228842
00886910228843
00886910227701
00886910228591
00886910228089
00886910226968
00886910228913
00886910228887
00886910226506
00886910228884
00886910227705
00886910228422
00886910228312
00886910228448
00886910228449
00886910227706
00886910228442
00886910228115
00886910228116
00886910228441
00886910228447
00886910228112
00886910228113
00886910226642
00886910227762
00886910227949
00886910228973
00886910228314
00886910227943
00886910227946
00886910227947
00886910227945
00886910227533
00886910226755
00886910227827
00886910227439
00886910227821
00886910226751
00886910226752
00886910226753
00886910227432
00886910226759
00886910227434
00886910227435
00886910227772
00886910228625
00886910228793
00886910227760
00886910228321
00886910228160
00886910227670
00886910228320
00886910227778
00886910227795
00886910228688
00886910226989
00886910226988
00886910227380
00886910227229
00886910227227
00886910226980
00886910227224
00886910227223
00886910227222
00886910227221
00886910227546
00886910226623
00886910227543
00886910227540
00886910226627
00886910226628
00886910227891
00886910227895
00886910227548
00886910228788
00886910227007
00886910227006
00886910227002
00886910228395
00886910226800
00886910227367
00886910228399
00886910227362
00886910226805
00886910227360
00886910226807
00886910228919
00886910228246
00886910228134
00886910228243
00886910228364
00886910228362
00886910228360
00886910226527
00886910227091
00886910227319
00886910227318
00886910226523
00886910227767
00886910227096
00886910227097
00886910227099
00886910226936
00886910227310
00886910227316
00886910228603
00886910228147
00886910227384
00886910228417
00886910228809
00886910228410
00886910228141
00886910227385
00886910228802
00886910228801
00886910228148
00886910228965
00886910228966
00886910228961
00886910228963
00886910228677
00886910228969
00886910228099
00886910228090
00886910228094
00886910228097
00886910228569
00886910228568
00886910227169
00886910227166
00886910228564
00886910227162
00886910228566
00886910228738
00886910228268
00886910228732
00886910228734
00886910228736
00886910228304
00886910227863
00886910227862
00886910227865
00886910227864
00886910228740
00886910227866
00886910228890
00886910228895
00886910228897
00886910228896
00886910228785
00886910227508
00886910228028
00886910228029
00886910228307
00886910228026
00886910227768
00886910228789
00886910228691
00886910228022
00886910227591
00886910227906
00886910228922
00886910227595
00886910227597
00886910227598
00886910228673
00886910227699
00886910228306
00886910227031
00886910227697
00886910226665
00886910227261
00886910227260
00886910227911
00886910227266
00886910227265
00886910226708
00886910227502
00886910227269
00886910226668
00886910226701
00886910226700
00886910227465
00886910227896
00886910227463
00886910227468
00886910226967
00886910226808
00886910227320
00886910227321
00886910227288
00886910226689
00886910226686
00886910226655
00886910228682
00886910226683
00886910226681
00886910228941
00886910228397
00886910228322
00886910226569
00886910226568
00886910228326
00886910228325
00886910227477
00886910226562
00886910228329
00886910228328
00886910226567
00886910226566
00886910226565
00886910227600
00886910227602
00886910227606
00886910227609
00886910228928
00886910227134
00886910227132
00886910228516
00886910228517
00886910227036
00886910228920
00886910228043
00886910227035
00886910227032
00886910228696
00886910227139
00886910227138
00886910228657
00886910227009
00886910227832
00886910228711
00886910228195
00886910228196
00886910228190
00886910228193
00886910228217
00886910228216
00886910228215
00886910228198
00886910228199
00886910228559
00886910228356
00886910227049
00886910228355
00886910227739
00886910228235
00886910226518
00886910226519
00886910226844
00886910227737
00886910228650
00886910226512
00886910226841
00886910226510
00886910227044
00886910228077
00886910228074
00886910228072
00886910228070
00886910228176
00886910226525
00886910228172
00886910228173
00886910228078
00886910228586
00886910228585
00886910228856
00886910228998
00886910228582
00886910228580
00886910228995
00886910228996
00886910228859
00886910228484
00886910228621
00886910228048
00886910228319
00886910227969
00886910228459
00886910226879
00886910228108
00886910228451
00886910228102
00886910228101
00886910227800
00886910228107
00886910228353
00886910228351
00886910228393
00886910226975
00886910227735
00886910227952
00886910227954
00886910227957
00886910227411
00886910227810
00886910226742
00886910226741
00886910227813
00886910226747
00886910226746
00886910226745
00886910227817
00886910226840
00886910226748
00886910227424
00886910227730
00886910228778
00886910228779
00886910228555
00886910228341
00886910228776
00886910228770
00886910228600
00886910227392
00886910227259
00886910227395
00886910227250
00886910226632
00886910227254
00886910226630
00886910227887
00886910227554
00886910227885
00886910226735
00886910227498
00886910227499
00886910226731
00886910227649
00886910227496
00886910227490
00886910227491
00886910226738
00886910226739
00886910226817
00886910228380
00886910226815
00886910227071
00886910226813
00886910227077
00886910226958
00886910226956
00886910226957
00886910227078
00886910227371
00886910227370
00886910227372
00886910228762
00886910228330
00886910228171
00886910227647
00886910228427
00886910228331
00886910228925
00886910228252
00886910226937
00886910227089
00886910227088
00886910227087
00886910227086
00886910228258
00886910228316
00886910228317
00886910227081
00886910226552
00886910226553
00886910226551
00886910226556
00886910226555
00886910226888
00886910226889
00886910226558
00886910228764
00886910226927
00886910227675
00886910226925
00886910226924
00886910228818
00886910228130
00886910228423
00886910228136
00886910227108
00886910227109
00886910227106
00886910228810
00886910228138
00886910228139
00886910227102
00886910227103
00886910227100
00886910228816
00886910228951
00886910228952
00886910228953
00886910227929
00886910228956
00886910228958
00886910228959
00886910228611
00886910228413
00886910228537
00886910227722
00886910228227
00886910227179
00886910228551
00886910228659
00886910228658
00886910227173
00886910227999
00886910228655
00886910227170
00886910228558
00886910227176
00886910228651
00886910227174
00886910228727
00886910228726
00886910228725
00886910228724
00886910227471
00886910228720
00886910228047
00886910226587
00886910228040
00886910228041
00886910227855
00886910227857
00886910227851
00886910227852
00886910227853
00886910227785
00886910228030
00886910227786
00886910228036
00886910228986
00886910227789
00886910226601
00886910227621
